課程提供的測資

run:
請輸入欲解之聯立方程式為幾元
24
請輸入矩陣
-9.59 	2.51 	8.06 	-4.12 	-6.92 	2.02 	-5.28 	10.94 	4.00 	-9.32 	4.86 	3.45 	-1.69 	10.18 	-0.50 	1.02 	-8.60 	1.79 	-6.18 	3.61 	-5.04 	6.58 	1.56 	3.70 	10.96 
10.60 	6.42 	-6.46 	-9.69 	8.65 	0.90 	4.60 	3.58 	10.27 	-7.97 	2.88 	6.99 	6.13 	-6.46 	2.75 	1.63 	1.43 	2.86 	4.18 	4.74 	5.33 	3.47 	4.41 	8.09 	0.93 
0.98 	11.76 	3.54 	-6.40 	6.06 	8.60 	3.05 	-4.43 	1.20 	-7.68 	-1.05 	0.71 	10.49 	3.32 	5.73 	6.15 	2.01 	7.25 	-3.45 	-3.03 	7.14 	6.32 	-8.72 	8.22 	0.79 
-1.18 	-4.59 	-1.22 	7.85 	5.23 	-1.50 	1.57 	-4.73 	2.07 	-7.35 	5.72 	-2.40 	-5.47 	2.92 	-1.83 	-4.41 	3.12 	-6.67 	-2.44 	6.83 	-9.99 	-6.15 	0.52 	5.89 	2.78 
-9.83 	8.11 	0.71 	-2.02 	11.53 	11.03 	-4.69 	-4.51 	3.77 	1.66 	-8.48 	1.44 	1.12 	3.99 	-5.60 	10.91 	6.34 	6.41 	6.84 	-5.91 	-0.98 	9.76 	1.27 	-7.31 	9.56 
1.07 	-3.99 	-1.67 	-5.74 	-0.54 	1.24 	-3.83 	9.18 	9.31 	8.16 	7.02 	6.06 	2.18 	-5.37 	1.18 	-9.48 	9.90 	10.36 	-7.44 	8.49 	-9.17 	-6.93 	8.23 	7.39 	5.74 
9.39 	9.18 	-4.28 	-5.86 	10.86 	-6.75 	-0.47 	4.72 	-9.90 	6.74 	4.30 	-1.90 	-0.97 	6.44 	-3.03 	-3.60 	-6.11 	9.33 	-3.90 	3.00 	4.73 	3.87 	2.72 	-3.59 	4.74 
-2.43 	6.92 	-3.33 	-3.60 	-3.78 	8.28 	8.72 	-1.93 	4.21 	8.06 	9.94 	9.73 	5.82 	11.24 	-9.63 	3.43 	-8.13 	9.03 	-8.68 	-1.64 	-1.91 	-3.24 	5.98 	2.04 	-9.78 
8.04 	-3.39 	-2.37 	3.33 	4.38 	8.04 	11.24 	-6.08 	-6.06 	-9.48 	11.25 	11.34 	-9.62 	2.71 	-2.38 	-4.25 	1.25 	6.92 	2.04 	11.77 	-2.86 	-8.15 	-0.38 	10.87 	-2.89 
-0.28 	3.83 	0.12 	4.43 	8.70 	-9.75 	0.51 	2.50 	1.57 	-6.97 	2.04 	-6.09 	9.67 	0.03 	6.06 	2.10 	-1.85 	0.24 	11.25 	-2.48 	10.80 	-4.68 	0.38 	-3.81 	-7.42 
-9.07 	2.92 	5.92 	8.08 	-4.52 	-2.19 	4.88 	-7.61 	-4.12 	-9.00 	-8.67 	0.18 	-3.82 	8.91 	-1.30 	1.85 	2.53 	2.53 	6.76 	2.32 	-6.19 	8.86 	8.28 	8.10 	11.36 
-6.59 	3.65 	9.65 	-1.08 	7.13 	7.10 	-6.91 	10.51 	-5.79 	0.20 	7.17 	6.96 	-8.30 	-1.92 	-0.37 	10.43 	-0.61 	8.98 	9.54 	-0.15 	8.64 	-7.04 	0.54 	-1.03 	-2.50 
-3.39 	0.24 	4.38 	5.62 	2.12 	-6.39 	-9.16 	5.44 	11.97 	-0.70 	3.01 	-4.43 	-8.50 	-1.68 	-2.23 	1.57 	11.19 	-0.88 	7.95 	9.86 	10.81 	6.61 	7.38 	4.27 	3.15 
-5.84 	-1.04 	6.70 	-5.49 	-8.47 	10.16 	5.23 	-8.02 	11.97 	-4.41 	8.80 	-1.73 	-1.40 	6.53 	-9.81 	11.99 	3.18 	11.80 	-9.19 	-4.42 	3.92 	5.40 	-8.69 	2.33 	-3.28 
0.51 	1.08 	-9.00 	-0.78 	2.71 	3.40 	-6.42 	-5.67 	6.59 	7.04 	2.08 	-5.45 	5.75 	8.01 	-5.51 	-6.90 	6.72 	9.26 	-6.65 	5.61 	-1.69 	0.12 	1.90 	-7.93 	-0.10 
5.70 	2.55 	-6.09 	6.03 	-2.48 	-1.82 	-0.79 	3.98 	2.69 	-8.20 	-5.29 	8.59 	11.36 	7.34 	3.38 	3.99 	-0.44 	-8.41 	-8.21 	11.79 	3.80 	5.44 	-9.39 	8.89 	5.82 
3.94 	6.17 	7.88 	9.27 	0.18 	11.11 	-0.37 	-2.99 	-5.02 	-9.42 	-6.29 	5.10 	0.58 	0.56 	-4.67 	6.19 	-7.14 	-9.58 	-5.57 	8.80 	-3.34 	8.74 	-8.16 	-1.78 	-6.67 
-8.97 	0.85 	10.67 	-4.31 	1.80 	-7.66 	-8.28 	1.12 	-9.20 	-1.74 	-1.36 	6.31 	-9.58 	-0.52 	10.09 	-3.87 	-4.18 	9.50 	-0.06 	4.87 	-5.73 	3.24 	-1.70 	6.39 	2.55 
-3.35 	-9.62 	-2.64 	-5.07 	-5.12 	11.91 	5.68 	-9.71 	-4.96 	-2.36 	4.38 	-8.90 	5.61 	6.95 	-2.74 	9.22 	0.15 	4.28 	4.30 	10.65 	-5.26 	11.62 	-7.88 	-3.76 	-9.45 
7.21 	11.24 	4.90 	-7.77 	10.61 	9.48 	-6.30 	2.29 	3.82 	6.26 	2.69 	-5.88 	6.26 	-1.60 	9.93 	0.57 	-9.84 	-7.98 	-0.85 	2.91 	-1.90 	7.09 	9.95 	-6.13 	7.39 
10.84 	11.37 	-9.89 	-0.89 	10.26 	3.87 	10.45 	8.14 	6.14 	-4.35 	-9.58 	1.74 	-5.13 	8.14 	8.90 	9.29 	2.31 	-5.75 	0.04 	-6.27 	1.20 	-3.94 	3.73 	-8.21 	-1.54 
9.98 	-1.91 	-3.22 	-9.28 	7.74 	-3.14 	-0.56 	-7.80 	3.51 	-2.59 	6.08 	-0.54 	-1.92 	1.27 	-7.07 	-6.73 	2.65 	-5.53 	-2.70 	4.36 	-0.90 	-1.05 	9.23 	5.82 	5.54 
-2.82 	-4.26 	-3.09 	-1.19 	-8.49 	-0.84 	7.19 	-1.80 	3.24 	2.83 	-9.00 	-5.72 	-1.38 	9.43 	-0.06 	-1.67 	4.11 	-0.33 	7.05 	7.27 	-8.90 	11.44 	2.09 	-1.13 	4.55 
-2.15 	-4.28 	10.41 	-5.54 	-7.54 	3.86 	-5.31 	7.96 	9.98 	-1.02 	-0.79 	-3.68 	3.82 	-0.75 	1.51 	-0.37 	-5.81 	-2.98 	2.87 	-4.59 	-0.33 	-9.70 	5.27 	2.62 	-5.63 

行梯陣式為(只顯示後四位):
-9.5900 2.5100 8.0600 -4.1200 -6.9200 2.0200 -5.2800 10.9400 4.0000 -9.3200 4.8600 3.4500 -1.6900 10.1800 -0.5000 1.0200 -8.6000 1.7900 -6.1800 3.6100 -5.0400 6.5800 1.5600 3.7000 10.9600 
0.0000 -9.1943 -2.4489 14.2439 -1.0012 -3.1327 1.2361 -15.6722 -14.6913 18.2716 -8.2518 -10.8033 -4.2620 -4.7921 -2.1973 -2.7574 8.0757 -4.8385 2.6509 -8.7302 0.2408 -10.7430 -6.1343 -12.1797 -13.0443 
0.0000 0.0000 1.1631 11.7950 4.0443 4.7121 4.1259 -23.7947 -17.5919 15.2475 -11.3381 -13.0568 4.7471 -1.9028 2.8071 2.6504 11.6857 1.1092 -0.6170 -14.0710 6.9397 -7.0481 -16.5778 -7.3201 -15.1381 
0.0000 0.0000 0.0000 -9.9649 -9.7685 -3.5949 -4.7783 16.2801 4.3121 4.0490 -0.6777 7.2496 -0.7104 -2.7370 -1.5912 0.9996 -8.9874 3.4473 3.5731 -0.0653 4.0868 6.7315 9.3303 -6.2163 3.4226 
0.0000 -0.0000 0.0000 0.0000 -50.8940 6.7297 -15.5764 -42.6637 -101.4261 182.1209 -113.3791 -35.4941 29.8315 -52.2000 -0.9637 39.0364 18.4261 45.6654 46.6704 -124.7374 100.1496 10.9654 -36.8757 -139.0724 -91.8682 
0.0000 0.0000 0.0000 0.0000 0.0000 -8.5684 2.6397 12.1828 11.4822 -34.8358 13.2247 5.5656 -10.9890 10.5801 -3.5147 0.8042 -20.6814 -18.3636 2.9625 14.7847 -7.0941 7.4730 8.1186 10.4481 11.8429 
0.0000 0.0000 0.0000 0.0000 -0.0000 0.0000 -10.4703 -4.8030 -28.1171 57.8785 -11.1816 -10.8897 4.1387 -2.6960 -3.0012 -9.5174 16.4720 29.8002 -11.1526 -14.7208 4.6484 -9.1609 -3.6063 -23.7240 -6.7776 
0.0000 0.0000 0.0000 0.0000 -0.0000 0.0000 0.0000 -6.3936 10.5577 -36.4763 -34.2446 -1.9269 -1.7996 -23.3409 9.0905 30.6382 -6.1058 -34.5049 47.6753 -18.0443 27.2340 27.8740 -8.1795 -15.4420 -2.0730 
0.0000 0.0000 0.0000 0.0000 -0.0000 0.0000 0.0000 0.0000 -3.2929 -48.3688 -40.0884 7.7504 -23.9552 -17.0941 -1.6608 41.5705 -25.3708 -37.2277 71.8828 -17.3645 36.5338 43.5079 -2.1568 -33.3304 5.8486 
0.0000 0.0000 0.0000 0.0000 0.0000 0.0000 0.0000 0.0000 0.0000 -36.4143 -9.3116 3.4766 -25.9336 5.8859 -9.0500 13.9425 -21.3571 -30.6249 14.7078 4.6155 -2.7720 27.3572 -0.4080 -2.7501 20.4669 
0.0000 0.0000 -0.0000 0.0000 0.0000 0.0000 0.0000 0.0000 0.0000 0.0000 114.3146 -4.1519 -73.4442 119.7104 -58.9829 -107.0155 -11.9213 -5.2521 -226.7176 118.2038 -194.0614 -13.6935 25.1374 134.8807 126.3911 
-0.0000 0.0000 0.0000 0.0000 0.0000 0.0000 0.0000 0.0000 0.0000 0.0000 0.0000 -8.9031 27.1469 -0.3251 13.6903 1.0455 -4.9114 6.9438 6.8014 -15.7540 23.8443 -7.4435 -20.9213 -21.0945 -24.4969 
0.0000 0.0000 0.0000 0.0000 0.0000 0.0000 0.0000 0.0000 0.0000 0.0000 0.0000 0.0000 19.4520 26.5857 9.3381 -33.4813 23.8431 59.3111 0.7392 21.9164 5.8527 19.0461 0.2334 -5.4054 26.0850 
0.0000 0.0000 0.0000 0.0000 0.0000 0.0000 0.0000 -0.0000 0.0000 0.0000 0.0000 0.0000 0.0000 -33.5403 13.6278 6.4216 -13.5138 -76.6709 -40.2477 -13.0152 -52.9175 -42.5868 0.8098 46.9645 -11.0318 
0.0000 0.0000 0.0000 0.0000 0.0000 0.0000 0.0000 0.0000 0.0000 0.0000 0.0000 0.0000 0.0000 0.0000 -10.5981 25.1721 0.9338 41.2155 54.3666 -10.3343 60.5857 7.3056 1.3347 -44.5111 -30.2303 
0.0000 0.0000 0.0000 0.0000 0.0000 0.0000 0.0000 0.0000 0.0000 0.0000 0.0000 0.0000 0.0000 0.0000 0.0000 -2.0609 9.3981 58.8905 72.5774 -0.9047 62.7470 10.8351 19.7509 -45.3706 -28.9018 
0.0000 0.0000 0.0000 0.0000 0.0000 0.0000 0.0000 0.0000 0.0000 0.0000 -0.0000 0.0000 0.0000 0.0000 0.0000 0.0000 -194.1666 -1212.0557 -1516.1959 40.0858 -1353.1840 -227.6837 -372.5084 947.9694 615.7166 
0.0000 0.0000 -0.0000 0.0000 0.0000 0.0000 0.0000 0.0000 0.0000 0.0000 0.0000 0.0000 0.0000 0.0000 0.0000 0.0000 0.0000 -320.5375 -465.2799 36.4624 -427.7391 -89.3405 -83.8009 339.7862 237.6184 
0.0000 0.0000 0.0000 0.0000 0.0000 0.0000 0.0000 -0.0000 0.0000 0.0000 0.0000 0.0000 0.0000 0.0000 0.0000 0.0000 0.0000 0.0000 15.6248 29.3413 -4.4981 22.8688 15.9888 5.9096 -10.3067 
0.0000 0.0000 0.0000 0.0000 0.0000 0.0000 0.0000 0.0000 0.0000 0.0000 0.0000 0.0000 0.0000 0.0000 0.0000 0.0000 -0.0000 0.0000 0.0000 -21.0864 42.0513 9.2501 -43.0180 -14.5438 -28.3470 
0.0000 0.0000 0.0000 0.0000 0.0000 0.0000 0.0000 0.0000 0.0000 0.0000 0.0000 0.0000 0.0000 -0.0000 0.0000 0.0000 -0.0000 0.0000 0.0000 0.0000 150.0720 96.1424 -181.5221 -50.2465 -213.8096 
0.0000 0.0000 0.0000 0.0000 0.0000 0.0000 0.0000 0.0000 0.0000 0.0000 0.0000 0.0000 0.0000 0.0000 0.0000 0.0000 0.0000 0.0000 0.0000 0.0000 0.0000 23.2790 -2.6272 15.3471 57.6876 
0.0000 0.0000 0.0000 0.0000 0.0000 0.0000 0.0000 0.0000 0.0000 0.0000 0.0000 0.0000 0.0000 0.0000 0.0000 0.0000 0.0000 0.0000 0.0000 0.0000 0.0000 0.0000 -11.6283 7.6156 16.9054 
0.0000 0.0000 0.0000 0.0000 0.0000 0.0000 -0.0000 0.0000 0.0000 0.0000 0.0000 0.0000 0.0000 0.0000 0.0000 0.0000 0.0000 0.0000 0.0000 0.0000 0.0000 0.0000 0.0000 -26.0229 -21.8003 

得24組解(只顯示後四位):
3.9826 0.9812 0.0437 1.3968 -1.5481 -0.7352 -3.4245 0.1389 -0.1078 0.1046 2.8524 1.1393 0.3452 1.8495 0.3916 0.6787 1.6829 0.1897 2.6507 -3.3820 -3.4074 1.8237 -0.9052 0.8377 
誤差值:1.9184653865522705E-12
BUILD SUCCESSFUL (total time: 9 seconds)

自備的20x20測資

run:
請輸入欲解之聯立方程式為幾元
20
請輸入矩陣
9.87 28.38 26.42 71.92 35.33 27.66 18.84 72.16 68.14 22.17 42.63 33.72 64.02 54.33 70.38 44.98 82.63 37.50 47.95 19.30 2.87 
31.79 1.13 62.33 37.56 96.76 54.66 63.95 81.62 43.12 39.66 56.25 68.91 31.88 33.04 93.35 31.53 98.01 67.58 77.37 52.47 7.89 
75.19 75.76 77.49 95.27 77.32 49.64 5.55 58.59 16.39 40.26 8.11 44.23 29.90 41.20 37.38 84.64 5.13 17.64 71.21 8.38 16.21 
20.79 7.68 89.57 37.85 85.72 66.81 58.78 50.38 93.57 78.36 53.91 99.22 25.63 34.95 50.39 48.62 35.79 68.08 73.09 74.25 20.71 
60.63 59.00 72.21 72.11 44.37 9.23 23.00 54.72 43.09 41.81 38.06 65.03 13.15 32.43 34.07 90.91 1.75 9.49 25.28 10.35 90.38 
51.82 97.78 38.70 15.99 22.61 31.50 57.95 65.57 61.80 65.09 39.52 21.17 50.26 57.22 1.86 92.04 53.92 83.37 28.53 7.94 53.96 
21.88 8.93 63.52 69.61 24.82 53.72 97.43 84.50 40.01 80.22 62.01 94.42 48.80 59.26 89.19 4.73 11.13 64.06 86.61 18.90 63.90 
64.49 4.51 76.25 1.82 65.22 97.97 16.68 80.86 95.41 72.14 72.69 23.49 19.04 38.43 15.10 72.37 50.11 28.82 7.74 34.38 24.91 
12.20 58.69 80.61 4.95 31.74 90.55 19.30 58.04 35.73 91.07 38.84 93.04 5.39 46.57 25.63 3.76 92.83 5.46 97.69 11.68 69.89 
66.71 59.08 83.56 54.26 39.35 72.51 40.40 23.15 72.57 67.79 66.78 46.79 13.66 52.56 76.25 74.12 10.83 68.12 87.39 81.22 41.72 
38.14 17.94 49.38 14.51 90.89 9.70 74.31 58.58 96.69 55.59 20.33 94.11 51.35 12.45 24.36 45.98 53.85 47.52 23.28 46.50 71.59 
85.12 25.11 53.31 60.52 90.94 69.69 94.37 8.70 55.80 27.79 40.08 1.87 18.08 68.73 94.25 67.45 94.72 86.20 90.18 39.42 74.32 
9.68 75.90 0.75 62.53 44.31 73.40 2.13 60.20 76.10 0.99 26.58 97.49 51.40 54.52 67.50 43.59 89.31 54.03 14.85 60.76 14.44 
75.41 98.78 74.10 3.30 3.24 22.68 83.88 22.36 60.60 29.24 55.95 98.38 94.53 81.62 87.59 2.15 21.50 9.55 61.21 45.88 66.27 
65.44 66.12 91.38 59.93 59.19 90.01 41.01 97.75 91.79 56.12 37.11 96.14 88.08 9.21 26.38 29.41 36.42 34.40 55.72 71.77 79.33 
26.39 53.20 17.48 63.46 13.46 13.67 3.27 49.07 80.61 52.67 11.07 0.17 29.20 13.70 85.91 24.53 56.75 14.59 64.63 9.78 39.73 
96.48 74.01 6.32 54.86 95.61 23.52 40.91 79.54 92.30 87.70 5.78 71.42 4.36 45.70 57.02 38.14 82.66 21.52 73.73 73.92 35.67 
47.46 74.50 57.28 56.49 55.41 61.31 75.53 51.24 85.92 62.91 66.00 70.74 93.27 79.13 41.45 28.86 16.37 85.77 97.46 50.19 79.78 
45.67 83.61 27.69 87.24 85.57 56.86 86.14 70.48 40.99 25.38 41.63 60.59 41.38 34.58 18.83 55.90 6.66 42.77 38.19 71.06 52.68 
83.52 13.32 64.83 58.09 14.10 5.08 61.16 27.90 5.01 63.59 97.29 0.13 34.33 51.73 55.72 81.08 12.21 84.61 62.50 62.01 76.14 
行梯陣式為(只顯示後四位):
9.8700 28.3800 26.4200 71.9200 35.3300 27.6600 18.8400 72.1600 68.1400 22.1700 42.6300 33.7200 64.0200 54.3300 70.3800 44.9800 82.6300 37.5000 47.9500 19.3000 2.8700 
0.0000 90.2783 22.7654 194.0851 17.0334 34.4293 -3.2688 150.7981 176.3502 31.7467 81.0557 39.6978 174.3202 141.9499 133.3349 113.3448 168.1306 53.2027 77.0708 9.6928 1.3539 
0.0000 0.0000 -88.3639 -150.6942 -165.3275 -107.5155 -143.0588 -256.5411 -228.3670 -79.2456 -190.5539 -150.8950 -186.6286 -151.8660 -291.3572 -81.6965 -362.7989 -185.2725 -174.1810 -123.5696 -3.5476 
0.0000 -0.0000 0.0000 81.8861 66.9119 28.8397 58.9750 151.2099 69.8024 -7.7810 90.5856 29.2553 108.0083 78.4457 176.0693 24.2209 234.4376 78.8711 76.1920 26.6151 -13.5568 
-0.0000 -0.0000 0.0000 0.0000 -22.2992 -36.2400 14.6009 13.8920 22.5506 -0.7957 30.8720 19.1011 -5.2277 1.8332 11.2756 21.0412 10.0960 -7.9471 -34.0936 -4.7659 73.9978 
0.0000 0.0000 0.0000 0.0000 0.0000 104.5045 -233.7978 -273.7269 -211.8832 -31.6793 -293.3583 -132.5718 -110.7900 -108.5478 -264.0134 -119.7417 -410.3388 -164.9979 55.5273 -47.3072 -337.5997 
0.0000 0.0000 0.0000 0.0000 0.0000 0.0000 229.8162 218.1975 103.5886 69.4549 194.2874 92.6032 115.0061 107.2233 208.9558 16.0459 274.0490 182.0330 47.9218 24.1248 174.0715 
0.0000 0.0000 0.0000 0.0000 0.0000 -0.0000 0.0000 -136.2436 -231.0250 -15.2528 -157.9492 1.8690 -82.7179 -73.8296 -66.9443 -128.0419 -235.6201 -33.4459 93.8446 -37.0496 -95.3190 
0.0000 -0.0000 0.0000 0.0000 0.0000 0.0000 0.0000 0.0000 -213.6093 -33.6562 -52.3720 38.0062 -67.6069 -33.2697 62.7383 -133.2773 29.1266 -82.1933 101.2261 -70.8120 38.4579 
0.0000 0.0000 0.0000 0.0000 -0.0000 0.0000 0.0000 0.0000 0.0000 28.6213 -53.2972 -6.2403 18.5578 -9.2267 -109.0227 13.7297 -112.9613 -7.1876 -49.8214 -52.4161 -30.5080 
0.0000 0.0000 0.0000 0.0000 0.0000 0.0000 0.0000 0.0000 0.0000 0.0000 -1.6215 51.4847 1.7376 -4.7291 58.8643 -61.0173 67.8715 -51.3032 48.6015 12.4800 74.0497 
0.0000 -0.0000 0.0000 0.0000 0.0000 0.0000 0.0000 0.0000 0.0000 0.0000 0.0000 713.4622 46.7561 -90.7670 867.8096 -850.3206 861.9240 -636.2825 705.1749 277.6162 890.1067 
0.0000 0.0000 0.0000 0.0000 0.0000 0.0000 0.0000 0.0000 0.0000 0.0000 0.0000 0.0000 -21.6604 -46.8800 -154.2867 143.3661 -362.3972 155.4465 -196.2683 65.4123 -215.1380 
0.0000 0.0000 -0.0000 0.0000 0.0000 0.0000 0.0000 0.0000 -0.0000 0.0000 0.0000 0.0000 0.0000 656.7453 1711.0433 -1613.0138 4876.7719 -2145.5242 2226.6740 -1198.1663 3397.7670 
0.0000 0.0000 0.0000 0.0000 -0.0000 0.0000 0.0000 0.0000 0.0000 0.0000 0.0000 0.0000 0.0000 0.0000 279.2662 -272.1779 706.5480 -254.8766 383.1498 -51.9796 501.0185 
0.0000 0.0000 0.0000 0.0000 0.0000 0.0000 -0.0000 0.0000 0.0000 0.0000 0.0000 0.0000 0.0000 0.0000 0.0000 -38.9159 240.2825 -69.5629 92.5471 -21.9298 228.5360 
0.0000 0.0000 0.0000 0.0000 0.0000 0.0000 0.0000 0.0000 0.0000 0.0000 0.0000 0.0000 0.0000 0.0000 0.0000 0.0000 -455.1286 121.0438 -121.4482 117.6297 -546.0726 
-0.0000 0.0000 0.0000 0.0000 0.0000 0.0000 0.0000 0.0000 0.0000 0.0000 -0.0000 0.0000 0.0000 0.0000 0.0000 0.0000 0.0000 53.1040 39.3446 139.6565 -218.5487 
-0.0000 -0.0000 0.0000 0.0000 0.0000 0.0000 0.0000 0.0000 0.0000 0.0000 0.0000 0.0000 0.0000 0.0000 0.0000 -0.0000 0.0000 0.0000 58.6076 274.7052 -433.4870 
0.0000 0.0000 0.0000 0.0000 0.0000 0.0000 0.0000 0.0000 0.0000 0.0000 0.0000 0.0000 -0.0000 0.0000 0.0000 0.0000 0.0000 0.0000 0.0000 -306.0618 539.9583 

得20組解(只顯示後四位):
1.4028 0.0448 -1.3385 0.6564 -0.5260 0.3843 0.5579 -1.2626 0.5884 -0.2287 2.1297 1.3799 0.0521 -2.2416 -0.6934 0.3699 0.4784 -0.1225 0.8728 -1.7642 
誤差值:2.9558577807620168E-12
BUILD SUCCESSFUL (total time: 3 seconds)
